// Game: Duke Forever
// Format: Quake3 (legacy)
// entity 0
{
"classname" "worldspawn"
"_keepLights" "1"
"_tb_textures" "textures/m_dnWeapon;textures/m_hands;textures/triggers;textures/vegas"
// brush 0
{
( -256 -48 -16 ) ( -256 -47 -16 ) ( -256 -48 -15 ) vegas/cesfloor1RC 0 0 0 0.5 0.5
( 0 -192 -16 ) ( 0 -192 -15 ) ( 1 -192 -16 ) vegas/cesfloor1RC 0 0 0 0.5 0.5
( 0 -48 -16 ) ( 1 -48 -16 ) ( 0 -47 -16 ) vegas/cesfloor1RC 0 0 0 0.5 0.5
( 128 80 16 ) ( 128 81 16 ) ( 129 80 16 ) vegas/cesfloor1RC 0 0 0 0.5 0.5
( 128 240 16 ) ( 129 240 16 ) ( 128 240 17 ) vegas/cesfloor1RC 0 0 0 0.5 0.5
( 128 80 16 ) ( 128 80 17 ) ( 128 81 16 ) vegas/cesfloor1RC 0 0 0 0.5 0.5
}
// brush 1
{
( 128 80 16 ) ( 128 81 16 ) ( 128 80 17 ) __TB_empty 0 0 0 0.5 0.5
( 0 -192 -16 ) ( 0 -192 -15 ) ( 1 -192 -16 ) __TB_empty 0 0 0 0.5 0.5
( 0 -48 -16 ) ( 1 -48 -16 ) ( 0 -47 -16 ) __TB_empty 0 0 0 0.5 0.5
( 128 80 16 ) ( 128 81 16 ) ( 129 80 16 ) __TB_empty 0 0 0 0.5 0.5
( 128 240 16 ) ( 129 240 16 ) ( 128 240 17 ) __TB_empty 0 0 0 0.5 0.5
( 144 80 16 ) ( 144 80 17 ) ( 144 81 16 ) __TB_empty 0 0 0 0.5 0.5
}
// brush 2
{
( 128 80 16 ) ( 128 81 16 ) ( 128 80 17 ) vegas/fancybrick_1 0 15 0 1 1
( 0 -192 -16 ) ( 0 -192 -15 ) ( 1 -192 -16 ) vegas/fancybrick_1 0 15 0 1 1
( 128 80 16 ) ( 129 80 16 ) ( 128 81 16 ) vegas/fancybrick_1 0 15 0 1 1
( 128 80 176 ) ( 128 81 176 ) ( 129 80 176 ) vegas/fancybrick_1 0 15 0 1 1
( 128 240 16 ) ( 129 240 16 ) ( 128 240 17 ) vegas/fancybrick_1 0 15 0 1 1
( 144 80 16 ) ( 144 80 17 ) ( 144 81 16 ) vegas/fancybrick_1 0 15 0 1 1
}
// brush 3
{
( -256 -48 -16 ) ( -256 -47 -16 ) ( -256 -48 -15 ) __TB_empty 0 0 0 0.5 0.5
( 0 -208 -16 ) ( 0 -208 -15 ) ( 1 -208 -16 ) __TB_empty 0 0 0 0.5 0.5
( 0 -48 -16 ) ( 1 -48 -16 ) ( 0 -47 -16 ) __TB_empty 0 0 0 0.5 0.5
( 128 80 16 ) ( 128 81 16 ) ( 129 80 16 ) __TB_empty 0 0 0 0.5 0.5
( 0 -192 -16 ) ( 1 -192 -16 ) ( 0 -192 -15 ) __TB_empty 0 0 0 0.5 0.5
( 128 80 16 ) ( 128 80 17 ) ( 128 81 16 ) __TB_empty 0 0 0 0.5 0.5
}
// brush 4
{
( -256 -48 -16 ) ( -256 -47 -16 ) ( -256 -48 -15 ) vegas/fancybrick_1 0 13 0 1 1
( 0 -208 -16 ) ( 0 -208 -15 ) ( 1 -208 -16 ) vegas/fancybrick_1 0 13 0 1 1
( 128 80 16 ) ( 129 80 16 ) ( 128 81 16 ) vegas/fancybrick_1 0 13 0 1 1
( 128 80 176 ) ( 128 81 176 ) ( 129 80 176 ) vegas/fancybrick_1 0 13 0 1 1
( 0 -192 -16 ) ( 1 -192 -16 ) ( 0 -192 -15 ) vegas/fancybrick_1 0 13 0 1 1
( 128 80 16 ) ( 128 80 17 ) ( 128 81 16 ) vegas/fancybrick_1 0 13 0 1 1
}
// brush 5
{
( -256 -48 -16 ) ( -256 -47 -16 ) ( -256 -48 -15 ) __TB_empty 0 0 0 0.5 0.5
( 128 240 16 ) ( 128 240 17 ) ( 129 240 16 ) __TB_empty 0 0 0 0.5 0.5
( 0 -48 -16 ) ( 1 -48 -16 ) ( 0 -47 -16 ) __TB_empty 0 0 0 0.5 0.5
( 128 80 16 ) ( 128 81 16 ) ( 129 80 16 ) __TB_empty 0 0 0 0.5 0.5
( 128 256 16 ) ( 129 256 16 ) ( 128 256 17 ) __TB_empty 0 0 0 0.5 0.5
( 128 80 16 ) ( 128 80 17 ) ( 128 81 16 ) __TB_empty 0 0 0 0.5 0.5
}
// brush 6
{
( -256 -48 -16 ) ( -256 -47 -16 ) ( -256 -48 -15 ) vegas/fancybrick_1 0 15 0 1 1
( 128 240 16 ) ( 128 240 17 ) ( 129 240 16 ) vegas/fancybrick_1 0 15 0 1 1
( 128 80 16 ) ( 129 80 16 ) ( 128 81 16 ) vegas/fancybrick_1 0 15 0 1 1
( 128 80 176 ) ( 128 81 176 ) ( 129 80 176 ) vegas/fancybrick_1 0 15 0 1 1
( 128 256 16 ) ( 129 256 16 ) ( 128 256 17 ) vegas/fancybrick_1 0 15 0 1 1
( 128 80 16 ) ( 128 80 17 ) ( 128 81 16 ) vegas/fancybrick_1 0 15 0 1 1
}
// brush 7
{
( -272 -48 -16 ) ( -272 -47 -16 ) ( -272 -48 -15 ) __TB_empty 0 0 0 0.5 0.5
( 0 -192 -16 ) ( 0 -192 -15 ) ( 1 -192 -16 ) __TB_empty 0 0 0 0.5 0.5
( 0 -48 -16 ) ( 1 -48 -16 ) ( 0 -47 -16 ) __TB_empty 0 0 0 0.5 0.5
( 128 80 16 ) ( 128 81 16 ) ( 129 80 16 ) __TB_empty 0 0 0 0.5 0.5
( 128 240 16 ) ( 129 240 16 ) ( 128 240 17 ) __TB_empty 0 0 0 0.5 0.5
( -256 -48 -16 ) ( -256 -48 -15 ) ( -256 -47 -16 ) __TB_empty 0 0 0 0.5 0.5
}
// brush 8
{
( -272 -48 -16 ) ( -272 -47 -16 ) ( -272 -48 -15 ) vegas/fancybrick_1 0 15 0 1 1
( 0 -192 -16 ) ( 0 -192 -15 ) ( 1 -192 -16 ) vegas/fancybrick_1 0 15 0 1 1
( 128 80 16 ) ( 129 80 16 ) ( 128 81 16 ) vegas/fancybrick_1 0 15 0 1 1
( 128 80 176 ) ( 128 81 176 ) ( 129 80 176 ) vegas/fancybrick_1 0 15 0 1 1
( 128 240 16 ) ( 129 240 16 ) ( 128 240 17 ) vegas/fancybrick_1 0 15 0 1 1
( -256 -48 -16 ) ( -256 -48 -15 ) ( -256 -47 -16 ) vegas/fancybrick_1 0 15 0 1 1
}
// brush 9
{
( -256 -48 176 ) ( -256 -47 176 ) ( -256 -48 177 ) vegas/outwardd1btw 0 0 0 0.5 0.5
( 0 -192 176 ) ( 0 -192 177 ) ( 1 -192 176 ) vegas/outwardd1btw 0 0 0 0.5 0.5
( 0 -48 176 ) ( 1 -48 176 ) ( 0 -47 176 ) vegas/outwardd1btw 0 0 0 0.5 0.5
( 128 80 208 ) ( 128 81 208 ) ( 129 80 208 ) vegas/outwardd1btw 0 0 0 0.5 0.5
( 128 240 208 ) ( 129 240 208 ) ( 128 240 209 ) vegas/outwardd1btw 0 0 0 0.5 0.5
( 128 80 208 ) ( 128 80 209 ) ( 128 81 208 ) vegas/outwardd1btw 0 0 0 0.5 0.5
}
}
// entity 1
{
"classname" "info_player_start"
"origin" "-80 16 40"
}
// entity 2
{
"classname" "light"
"origin" "-72 24 136"
}
// entity 3
{
"classname" "misc_model"
"origin" "0 96 16"
"model" "models/zone1_vegas/slotstool2/slotstool2.md3"
}
